cluster_10ac_1err_0 0 160 160 160 160 160 160 160 160 160 160 
cluster_10ac_1err_1 0 160 160 160 160 160 160 160 160 160 160 
cluster_10ac_1err_2 2 160 160 160 160 160 123 160 160 160 160 
cluster_10ac_1err_3 0 160 160 160 160 160 160 160 160 160 160 
cluster_10ac_1err_4 2 160 160 160 160 160 160 160 123 160 160 
cluster_10ac_1err_5 4 160 160 160 122 160 122 160 160 160 160 
cluster_10ac_1err_6 4 160 160 160 160 122 160 160 160 122 160 
cluster_10ac_1err_7 0 160 160 160 160 160 160 160 160 160 160 
cluster_10ac_1err_8 0 160 160 160 160 160 160 160 160 160 160 
cluster_10ac_1err_9 2 160 160 160 122 160 160 160 160 160 160 
cluster_15ac_1err_0 9 160 160 160 160 160 160 160 160 160 160 122 121 160 160 123 
cluster_15ac_1err_1 4 160 160 160 160 160 160 160 160 160 160 122 160 160 123 160 
cluster_15ac_1err_2 4 160 160 160 160 160 160 160 123 160 160 123 160 160 160 160 
cluster_15ac_1err_3 4 160 160 160 160 160 122 160 160 160 160 160 160 160 123 160 
cluster_15ac_1err_4 4 160 160 160 160 123 122 160 160 160 160 160 160 160 160 160 
cluster_15ac_1err_5 4 160 160 160 160 160 160 160 160 160 160 160 160 160 123 122 
cluster_15ac_1err_6 9 160 160 121 160 160 160 123 160 160 160 160 160 160 123 160 
cluster_15ac_1err_7 2 160 160 160 160 160 160 160 160 123 160 160 160 160 160 160 
cluster_15ac_1err_8 2 160 160 160 160 160 160 160 160 160 160 122 160 160 160 160 
cluster_15ac_1err_9 2 160 160 122 160 160 160 160 160 160 160 160 160 160 160 160 
cluster_15ac_2err_0 13 160 160 160 160 160 160 123 160 123 160 122 124 160 160 123 
cluster_15ac_2err_1 7 160 160 160 160 160 160 160 160 160 122 82 160 160 123 160 
cluster_15ac_2err_2 7 160 160 160 160 160 160 160 123 160 160 83 160 123 160 160 
cluster_15ac_2err_3 6 122 160 160 123 160 122 160 160 160 160 160 160 160 160 160 
cluster_15ac_2err_4 4 160 160 160 160 123 122 160 160 160 160 160 160 160 160 160 
cluster_15ac_2err_5 7 160 160 160 160 124 160 160 160 160 160 160 160 160 123 160 
cluster_15ac_2err_6 12 160 160 121 160 160 160 123 160 160 160 160 160 160 124 160 
cluster_15ac_2err_7 4 160 160 160 123 160 160 160 160 123 160 160 160 160 160 160 
cluster_15ac_2err_8 6 122 160 160 160 160 160 122 160 160 160 122 160 160 160 160 
cluster_15ac_2err_9 4 160 160 123 160 160 160 160 123 160 160 160 160 160 160 160 
cluster_15ac_3err_0 18 160 160 160 160 160 160 138 160 160 160 121 160 160 123 83 
cluster_15ac_3err_1 12 160 160 160 160 122 160 160 160 160 122 121 160 160 83 160 
cluster_15ac_3err_2 12 160 160 160 160 160 123 160 83 160 160 123 160 124 160 160 
cluster_15ac_3err_3 7 122 160 160 83 160 122 160 160 160 160 160 160 160 160 160 
cluster_15ac_3err_4 6 160 160 160 160 123 122 160 160 160 160 122 160 160 160 160 
cluster_15ac_3err_5 9 160 160 160 160 124 160 160 160 123 160 160 160 160 123 160 
cluster_15ac_3err_6 18 160 160 160 160 160 160 83 160 160 160 123 160 138 124 160 
cluster_15ac_3err_7 5 160 160 160 160 160 160 160 160 124 160 160 160 160 160 160 
cluster_15ac_3err_8 7 160 160 160 160 160 160 122 160 160 160 121 160 160 160 160 
cluster_15ac_3err_9 7 160 160 160 160 160 160 160 124 160 160 160 160 160 160 123 
cluster_20ac_1err_0 12 122 160 160 160 82 160 160 160 160 160 160 124 160 160 160 122 160 160 160 160 
cluster_20ac_1err_1 4 160 160 123 160 160 160 160 160 160 160 160 160 160 160 160 122 160 160 160 160 
cluster_20ac_1err_2 27 160 160 160 160 160 124 121 160 122 160 160 160 124 160 160 160 160 122 160 131 
cluster_20ac_1err_3 4 160 160 160 160 160 160 123 160 160 160 160 160 160 160 160 160 160 160 123 160 
cluster_20ac_1err_4 4 160 160 160 160 160 160 160 160 160 160 160 122 160 160 122 160 160 160 160 160 
cluster_20ac_1err_5 9 160 160 160 160 160 160 160 160 160 122 160 160 160 121 160 160 160 160 160 123 
cluster_20ac_1err_6 0 160 160 160 160 160 160 160 160 160 160 160 160 160 160 160 160 160 160 160 160 
cluster_20ac_1err_7 9 160 160 160 160 122 123 160 122 160 160 160 160 160 82 160 160 160 160 160 160 
cluster_20ac_1err_8 9 160 160 160 122 160 160 160 160 160 160 160 122 160 160 124 160 160 160 160 160 
cluster_20ac_1err_9 14 160 122 160 122 160 123 160 123 160 160 122 160 123 160 160 160 160 123 160 160 
cluster_20ac_2err_0 22 127 160 160 160 160 160 134 160 160 127 160 160 122 160 160 160 123 160 160 160 
cluster_20ac_2err_1 11 160 160 124 160 160 160 160 160 123 160 160 160 160 160 123 122 160 160 160 160 
cluster_20ac_2err_2 35 160 160 160 160 122 134 121 122 123 160 160 160 138 160 160 160 160 160 160 137 
cluster_20ac_2err_3 11 160 160 160 160 160 160 123 160 160 160 123 160 160 160 160 123 160 160 121 160 
cluster_20ac_2err_4 5 160 160 160 160 160 160 160 160 160 160 160 82 160 160 122 160 160 160 160 160 
cluster_20ac_2err_5 13 160 160 160 160 160 160 160 160 160 160 160 160 160 131 127 160 160 160 160 160 
cluster_20ac_2err_6 0 160 160 160 160 160 160 160 160 160 160 160 160 160 160 160 160 160 160 160 160 
cluster_20ac_2err_7 19 160 160 160 160 82 123 160 122 83 160 160 160 160 123 160 121 123 160 160 160 
cluster_20ac_2err_8 15 160 160 122 160 160 160 122 160 160 123 160 122 160 122 124 160 160 160 160 160 
cluster_20ac_2err_9 19 160 122 160 160 160 123 160 160 160 122 122 160 123 160 160 160 122 124 122 160 
cluster_20ac_3err_0 30 127 160 160 160 128 160 125 160 160 160 160 160 131 160 160 160 123 160 160 160 
cluster_20ac_3err_1 15 160 160 128 123 160 122 160 122 160 160 122 160 160 160 160 160 160 160 160 123 
cluster_20ac_3err_2 43 160 160 160 160 122 137 124 160 160 160 160 128 148 160 160 160 160 160 123 137 
cluster_20ac_3err_3 21 122 160 160 124 160 160 128 160 160 160 123 160 160 123 160 124 160 160 160 160 
cluster_20ac_3err_4 6 160 160 160 160 160 160 122 160 160 160 160 122 160 160 122 160 160 160 160 160 
cluster_20ac_3err_5 18 160 160 160 160 160 160 160 160 160 160 160 160 160 139 127 160 160 160 160 160 
cluster_20ac_3err_6 2 160 160 160 160 160 160 123 160 160 160 160 160 160 160 160 160 160 160 160 160 
cluster_20ac_3err_7 30 160 160 160 160 121 123 160 127 160 160 123 160 160 84 160 131 123 160 160 160 
cluster_20ac_3err_8 25 160 160 160 160 160 160 160 160 160 138 122 138 160 122 160 160 160 121 160 160 
cluster_20ac_3err_9 30 123 122 121 122 160 123 160 160 160 122 160 160 160 160 160 121 82 124 122 160 
cluster_5ac_1err_0 0 160 160 160 160 160 
cluster_5ac_1err_1 0 160 160 160 160 160 
cluster_5ac_1err_2 0 160 160 160 160 160 
cluster_5ac_1err_3 0 160 160 160 160 160 
cluster_5ac_1err_4 0 160 160 160 160 160 
cluster_5ac_1err_5 0 160 160 160 160 160 
cluster_5ac_1err_6 0 160 160 160 160 160 
cluster_5ac_1err_7 0 160 160 160 160 160 
cluster_5ac_1err_8 0 160 160 160 160 160 
cluster_5ac_1err_9 0 160 160 160 160 160 
